Date	Facebook	Pinterest	Twitter	Instagram	reddit	YouTube	Other
2019-01	47.82	35.22	9.07	1.24	3.84	1.3	1.51
2019-02	53.26	31.04	6.39	1.27	5.23	1.26	1.56
2019-03	48.89	36.92	7.53	1.87	2.15	1.31	1.34
2019-04	48.31	37.26	7.39	2.17	1.78	1.6	1.5
2019-05	46.25	29.37	7.94	1.77	11.9	1.41	1.35
2019-06	54.38	32.66	8	1.48	0.49	1.53	1.46
2019-07	50.87	35.9	7.81	1.87	0.56	1.6	1.39
2019-08	53.6	34.55	7.11	1.42	0.72	1.33	1.26
2019-09	55.75	30.57	7.82	2.98	0.45	1.25	1.19
2019-10	51.28	22.77	15.12	7.86	0.51	1.4	1.05
2019-11	49.67	22.18	17.28	8.23	0.45	1.29	0.9
2019-12	50.67	19.18	19.04	8.8	0.46	1.16	0.7
2020-01	42.33	20.7	23.47	10.86	0.51	1.32	0.8
